# Server Nodes:
1000  500       -1   40   40   137  137  137  140  140  140  196  196  196  20   117  120  176  
1000  500       40   -1   40   137  137  137  140  140  140  196  196  196  20   117  120  176  
1000  500       40   40   -1   137  137  137  140  140  140  196  196  196  20   117  120  176  
1000  500       134  134  134  -1   40   40   85   85   85   142  142  142  114  20   65   122  
1000  500       134  134  134  40   -1   40   85   85   85   142  142  142  114  20   65   122  
1000  500       134  134  134  40   40   -1   85   85   85   142  142  142  114  20   65   122  
1000  500       138  138  138  86   86   86   -1   40   40   98   98   98   118  66   20   78   
1000  500       138  138  138  86   86   86   40   -1   40   98   98   98   118  66   20   78   
1000  500       138  138  138  86   86   86   40   40   -1   98   98   98   118  66   20   78   
1000  500       196  196  196  142  142  142  98   98   98   -1   40   40   176  122  78   20   
1000  500       196  196  196  142  142  142  98   98   98   40   -1   40   176  122  78   20   
1000  500       196  196  196  142  142  142  98   98   98   40   40   -1   176  122  78   20   
5000  5000      20   20   20   117  117  117  120  120  120  176  176  176  -1   97   100  156  
5000  5000      114  114  114  20   20   20   65   65   65   122  122  122  94   -1   45   102  
5000  5000      118  118  118  66   66   66   20   20   20   78   78   78   98   46   -1   58   
5000  5000      176  176  176  122  122  122  78   78   78   20   20   20   156  102  58   -1   
# Client Nodes:
0     0         20   20   20   117  117  117  120  120  120  176  176  176  20   117  120  176  
0     0         20   20   20   117  117  117  120  120  120  176  176  176  20   117  120  176  
0     0         20   20   20   117  117  117  120  120  120  176  176  176  20   117  120  176  
0     0         114  114  114  20   20   20   65   65   65   122  122  122  114  20   65   122  
0     0         114  114  114  20   20   20   65   65   65   122  122  122  114  20   65   122  
0     0         114  114  114  20   20   20   65   65   65   122  122  122  114  20   65   122  
0     0         118  118  118  66   66   66   20   20   20   78   78   78   118  66   20   78   
0     0         118  118  118  66   66   66   20   20   20   78   78   78   118  66   20   78   
0     0         118  118  118  66   66   66   20   20   20   78   78   78   118  66   20   78   
0     0         176  176  176  122  122  122  78   78   78   20   20   20   176  122  78   20   
0     0         176  176  176  122  122  122  78   78   78   20   20   20   176  122  78   20   
0     0         176  176  176  122  122  122  78   78   78   20   20   20   176  122  78   20   
