# Server Nodes:
1000  500       -1   20   20   126  126  126  92   92   92   148  148  148  10   116  82   138  10   10   10   115  115  115  84   84   84   139  139  139  
1000  500       20   -1   20   126  126  126  92   92   92   148  148  148  10   116  82   138  10   10   10   115  115  115  84   84   84   139  139  139  
1000  500       20   20   -1   126  126  126  92   92   92   148  148  148  10   116  82   138  10   10   10   115  115  115  84   84   84   139  139  139  
1000  500       125  125  125  -1   20   20   60   60   60   115  115  115  115  10   50   105  116  116  116  10   10   10   49   49   49   105  105  105  
1000  500       125  125  125  20   -1   20   60   60   60   115  115  115  115  10   50   105  116  116  116  10   10   10   49   49   49   105  105  105  
1000  500       125  125  125  20   20   -1   60   60   60   115  115  115  115  10   50   105  116  116  116  10   10   10   49   49   49   105  105  105  
1000  500       94   94   94   59   59   59   -1   20   20   79   79   79   84   49   10   69   82   82   82   50   50   50   10   10   10   68   68   68   
1000  500       94   94   94   59   59   59   20   -1   20   79   79   79   84   49   10   69   82   82   82   50   50   50   10   10   10   68   68   68   
1000  500       94   94   94   59   59   59   20   20   -1   79   79   79   84   49   10   69   82   82   82   50   50   50   10   10   10   68   68   68   
1000  500       149  149  149  115  115  115  78   78   78   -1   20   20   139  105  68   10   138  138  138  105  105  105  69   69   69   10   10   10   
1000  500       149  149  149  115  115  115  78   78   78   20   -1   20   139  105  68   10   138  138  138  105  105  105  69   69   69   10   10   10   
1000  500       149  149  149  115  115  115  78   78   78   20   20   -1   139  105  68   10   138  138  138  105  105  105  69   69   69   10   10   10   
10000 10000     10   10   10   116  116  116  82   82   82   138  138  138  -1   106  72   128  10   10   10   115  115  115  84   84   84   139  139  139  
10000 10000     115  115  115  10   10   10   50   50   50   105  105  105  105  -1   40   95   116  116  116  10   10   10   49   49   49   105  105  105  
10000 10000     84   84   84   49   49   49   10   10   10   69   69   69   74   39   -1   59   82   82   82   50   50   50   10   10   10   68   68   68   
10000 10000     139  139  139  105  105  105  68   68   68   10   10   10   129  95   58   -1   138  138  138  105  105  105  69   69   69   10   10   10   
# Client Nodes:
0     0         10   10   10   116  116  116  82   82   82   138  138  138  10   116  82   138  
0     0         10   10   10   116  116  116  82   82   82   138  138  138  10   116  82   138  
0     0         10   10   10   116  116  116  82   82   82   138  138  138  10   116  82   138  
0     0         115  115  115  10   10   10   50   50   50   105  105  105  115  10   50   105  
0     0         115  115  115  10   10   10   50   50   50   105  105  105  115  10   50   105  
0     0         115  115  115  10   10   10   50   50   50   105  105  105  115  10   50   105  
0     0         84   84   84   49   49   49   10   10   10   69   69   69   84   49   10   69   
0     0         84   84   84   49   49   49   10   10   10   69   69   69   84   49   10   69   
0     0         84   84   84   49   49   49   10   10   10   69   69   69   84   49   10   69   
0     0         139  139  139  105  105  105  68   68   68   10   10   10   139  105  68   10   
0     0         139  139  139  105  105  105  68   68   68   10   10   10   139  105  68   10   
0     0         139  139  139  105  105  105  68   68   68   10   10   10   139  105  68   10   
